int graph[20][20] = {
    {0, 7, 0, 3, 7, 0, 0, 0, 0, 0, 0, 0, 0, 0, 0, 0, 0, 0, 0, 0},
    {7, 0, 0, 0, 0, 0, 0, 0, 0, 0, 0, 0, 0, 0, 0, 0, 0, 0, 0, 0},
    {0, 0, 0, 0, 0, 7, 0, 0, 0, 0, 0, 0, 0, 8, 0, 0, 0, 0, 8, 0},
    {3, 0, 0, 0, 4, 0, 2, 8, 0, 0, 0, 0, 0, 0, 0, 0, 0, 0, 0, 0},
    {7, 0, 0, 4, 0, 0, 0, 0, 0, 0, 0, 0, 0, 0, 0, 0, 0, 0, 0, 0},
    {0, 0, 7, 0, 0, 0, 0, 0, 0, 4, 0, 0, 0, 0, 0, 0, 0, 0, 0, 0},
    {0, 0, 0, 2, 0, 0, 0, 0, 0, 0, 0, 0, 0, 0, 0, 0, 0, 0, 0, 0},
    {0, 0, 0, 8, 0, 0, 0, 0, 2, 0, 4, 0, 7, 0, 0, 0, 0, 0, 0, 0},
    {0, 0, 0, 0, 0, 0, 0, 2, 0, 0, 0, 1, 0, 8, 0, 0, 0, 0, 0, 0},
    {0, 0, 0, 0, 0, 4, 0, 0, 0, 0, 0, 0, 0, 0, 0, 0, 0, 0, 0, 0},
    {0, 0, 0, 0, 0, 0, 0, 4, 0, 0, 0, 0, 0, 0, 0, 0, 0, 0, 0, 0},
    {0, 0, 0, 0, 0, 0, 0, 0, 1, 0, 0, 0, 0, 0, 0, 0, 0, 0, 0, 0},
    {0, 0, 0, 0, 0, 0, 0, 7, 0, 0, 0, 0, 0, 0, 0, 0, 0, 0, 0, 0},
    {0, 0, 8, 0, 0, 0, 0, 0, 8, 0, 0, 0, 0, 0, 0, 0, 2, 2, 0, 21},
    {0, 0, 0, 0, 0, 0, 0, 0, 0, 0, 0, 0, 0, 0, 0, 0, 8, 0, 0, 0},
    {0, 0, 0, 0, 0, 0, 0, 0, 0, 0, 0, 0, 0, 0, 0, 0, 8, 0, 0, 0},
    {0, 0, 0, 0, 0, 0, 0, 0, 0, 0, 0, 0, 0, 2, 8, 8, 0, 0, 0, 0},
    {0, 0, 0, 0, 0, 0, 0, 0, 0, 0, 0, 0, 0, 2, 0, 0, 0, 0, 0, 0},
    {0, 0, 8, 0, 0, 0, 0, 0, 0, 0, 0, 0, 0, 0, 0, 0, 0, 0, 0, 0},
    {0, 0, 0, 0, 0, 0, 0, 0, 0, 0, 0, 0, 0, 21, 0, 0, 0, 0, 0, 0}};

// só substitui se for zero
int completeGraph[20][20] = {
    {0, 7, 29, 3, 7, 36, 5, 11, 13, 40, 15, 14, 18, 21, 31, 31, 23, 23, 37, 42},
    {7, 0, 36, 10, 14, 43, 12, 18, 20, 47, 22, 21, 25, 28, 38, 38, 30, 30, 44, 49},
    {29, 36, 0, 26, 30, 7, 28, 18, 16, 11, 22, 17, 25, 8, 18, 18, 10, 10, 8, 29},
    {3, 10, 26, 0, 4, 33, 2, 8, 10, 37, 12, 11, 15, 18, 28, 28, 20, 20, 34, 39},
    {7, 14, 30, 4, 0, 37, 6, 12, 14, 41, 16, 15, 19, 22, 32, 32, 24, 24, 38, 43},
    {36, 43, 7, 33, 37, 0, 35, 25, 23, 4, 29, 24, 32, 15, 25, 25, 17, 17, 15, 36},
    {5, 12, 28, 2, 6, 35, 0, 10, 12, 39, 14, 13, 17, 20, 30, 30, 22, 22, 36, 41},
    {11, 18, 18, 8, 12, 25, 10, 0, 2, 29, 4, 3, 7, 10, 20, 20, 12, 12, 26, 31},
    {13, 20, 16, 10, 14, 23, 12, 2, 0, 27, 6, 1, 9, 8, 18, 18, 10, 10, 24, 29},
    {40, 47, 11, 37, 41, 4, 39, 29, 27, 0, 33, 28, 36, 19, 29, 29, 21, 21, 19, 40},
    {15, 22, 22, 12, 16, 29, 14, 4, 6, 33, 0, 7, 11, 14, 24, 24, 16, 16, 30, 35},
    {14, 21, 17, 11, 15, 24, 13, 3, 1, 28, 7, 0, 10, 9, 19, 19, 11, 11, 25, 30},
    {18, 25, 25, 15, 19, 32, 17, 7, 9, 36, 11, 10, 0, 17, 27, 27, 19, 19, 33, 38},
    {21, 28, 8, 18, 22, 15, 20, 10, 8, 19, 14, 9, 17, 0, 10, 10, 2, 2, 16, 21},
    {31, 38, 18, 28, 32, 25, 30, 20, 18, 29, 24, 19, 27, 10, 0, 16, 8, 12, 26, 31},
    {31, 38, 18, 28, 32, 25, 30, 20, 18, 29, 24, 19, 27, 10, 16, 0, 8, 12, 26, 31},
    {23, 30, 10, 20, 24, 17, 22, 12, 10, 21, 16, 11, 19, 2, 8, 8, 0, 4, 18, 23},
    {23, 30, 10, 20, 24, 17, 22, 12, 10, 21, 16, 11, 19, 2, 12, 12, 4, 0, 18, 23},
    {37, 44, 8, 34, 38, 15, 36, 26, 24, 19, 30, 25, 33, 16, 26, 26, 18, 18, 0, 37},
    {42, 49, 29, 39, 43, 36, 41, 31, 29, 40, 35, 30, 38, 21, 31, 31, 23, 23, 37, 0}}
